{
  "gerado_em": "12/06/2026 08:41",
  "natureza": "mapa_correlacao_vocabular (cosseno entre centroides TF-IDF)",
  "leitura": "1 = vocabulario sobreposto (candidatas a confusao/fusao); 0 = bem separadas",
  "categorias": [
    "Climatização > Ar condicionado",
    "Climatização > Ar condicionado central",
    "Elétrica > Gerador",
    "Elétrica > Iluminação",
    "Elétrica > Instalações elétricas",
    "Elétrica > Nobreak",
    "Elétrica > Subestação",
    "Equipamentos de Transporte > Elevador",
    "Estrutura Predial > Alvenaria / Pisos / Estrutura",
    "Estrutura Predial > Esquadrias, porta, portão e janelas",
    "Estrutura Predial > Forro",
    "Estrutura Predial > Infiltração",
    "Estrutura Predial > Pintura",
    "Estrutura Predial > Telhados, calhas, rufos, etc.",
    "Hidrossanitária > Bomba",
    "Hidrossanitária > ETA / ETE",
    "Hidrossanitária > Hidráulica",
    "Instalação de Acessórios e Mobiliário > Instalação/Reparo de Equipamentos, Acessórios e Mobiliários",
    "Instalação de Acessórios e Mobiliário > Placas de identificação",
    "Manutenção Preventiva > Ar condicionado central",
    "Manutenção Preventiva > Ar condicionado split",
    "Manutenção Preventiva > Elevador",
    "Manutenção Preventiva > Esgoto",
    "Manutenção Preventiva > Extintor",
    "Manutenção Preventiva > Gerador",
    "Manutenção Preventiva > Hidráulica",
    "Manutenção Preventiva > Iluminação",
    "Manutenção Preventiva > Nobreak",
    "Manutenção Preventiva > Poços artesianos",
    "Manutenção Preventiva > Quadros Elétricos",
    "Manutenção Preventiva > Reservatório",
    "Manutenção Preventiva > Telhados, calhas, rufos, etc.",
    "Manutenção Preventiva > Vistoria em Instalações",
    "Outros > Erro de chamado",
    "Outros > Outros",
    "Posto de trabalho > Contratação de Posto de trabalho",
    "Projetos e Reformas > Projeto",
    "Projetos e Reformas > Reforma",
    "Segurança contra Incêndio > Sistemas de combate a incêndio (extintores, hidrantes)",
    "Suprimentos / Apoio Técnico > Limpeza de equipamentos, ambiente e mobiliário",
    "Suprimentos / Apoio Técnico > Materiais",
    "TI / Dados / Rede > Coleta de dados",
    "TI / Dados / Rede > Ponto de rede / fibra ótica / Wi-fi",
    "Área Externa e Ambiental > Manutenção área externa / meio ambiente"
  ],
  "matriz": [
    [
      1.0,
      0.4303,
      0.0698,
      0.0905,
      0.1653,
      0.0934,
      0.059,
      0.0602,
      0.1861,
      0.1162,
      0.0882,
      0.152,
      0.0556,
      0.169,
      0.0875,
      0.0521,
      0.1286,
      0.1122,
      0.0366,
      0.2779,
      0.6474,
      0.0764,
      0.0699,
      0.0228,
      0.0612,
      0.0767,
      0.0287,
      0.0659,
      0.0136,
      0.1056,
      0.024,
      0.0701,
      0.0556,
      0.235,
      0.1234,
      0.0236,
      0.1171,
      0.1187,
      0.0556,
      0.0545,
      0.0829,
      0.01,
      0.0869,
      0.0945
    ],
    [
      0.4303,
      1.0,
      0.0805,
      0.0718,
      0.1196,
      0.0531,
      0.0871,
      0.0494,
      0.1406,
      0.0752,
      0.0575,
      0.087,
      0.0437,
      0.1152,
      0.2253,
      0.0928,
      0.0895,
      0.0753,
      0.0242,
      0.5569,
      0.24,
      0.0368,
      0.0664,
      0.0112,
      0.0445,
      0.074,
      0.0256,
      0.0487,
      0.0511,
      0.0357,
      0.0227,
      0.0586,
      0.0391,
      0.1676,
      0.0955,
      0.1013,
      0.1016,
      0.1,
      0.0603,
      0.0597,
      0.0835,
      0.0138,
      0.0636,
      0.0789
    ],
    [
      0.0698,
      0.0805,
      1.0,
      0.084,
      0.1444,
      0.0786,
      0.1957,
      0.0819,
      0.1626,
      0.0875,
      0.0538,
      0.0682,
      0.0511,
      0.1206,
      0.0889,
      0.0544,
      0.1007,
      0.107,
      0.0434,
      0.0435,
      0.0545,
      0.0712,
      0.1017,
      0.0243,
      0.276,
      0.0865,
      0.0337,
      0.0569,
      0.0263,
      0.0387,
      0.0327,
      0.1009,
      0.0348,
      0.1072,
      0.0711,
      0.0488,
      0.0746,
      0.1221,
      0.0643,
      0.0985,
      0.091,
      0.0104,
      0.0949,
      0.0913
    ],
    [
      0.0905,
      0.0718,
      0.084,
      1.0,
      0.279,
      0.1427,
      0.0949,
      0.0576,
      0.2694,
      0.1637,
      0.1109,
      0.1266,
      0.0689,
      0.1725,
      0.0581,
      0.044,
      0.1805,
      0.1896,
      0.0711,
      0.0185,
      0.0305,
      0.0268,
      0.0956,
      0.0161,
      0.0233,
      0.0996,
      0.076,
      0.0573,
      0.0303,
      0.0202,
      0.0218,
      0.1032,
      0.0314,
      0.195,
      0.117,
      0.0209,
      0.1174,
      0.2033,
      0.0723,
      0.0713,
      0.1248,
      0.0063,
      0.1313,
      0.1143
    ],
    [
      0.1653,
      0.1196,
      0.1444,
      0.279,
      1.0,
      0.2694,
      0.1657,
      0.0914,
      0.5188,
      0.2159,
      0.1425,
      0.1803,
      0.1036,
      0.2435,
      0.0966,
      0.0841,
      0.2072,
      0.3806,
      0.1112,
      0.0377,
      0.056,
      0.0468,
      0.1338,
      0.0289,
      0.0392,
      0.1065,
      0.0908,
      0.1216,
      0.0241,
      0.0437,
      0.0288,
      0.141,
      0.0553,
      0.3731,
      0.2645,
      0.0403,
      0.4361,
      0.4473,
      0.1521,
      0.0962,
      0.2026,
      0.0189,
      0.4318,
      0.1718
    ],
    [
      0.0934,
      0.0531,
      0.0786,
      0.1427,
      0.2694,
      1.0,
      0.0734,
      0.0688,
      0.1723,
      0.1231,
      0.0651,
      0.0905,
      0.0333,
      0.1066,
      0.0446,
      0.054,
      0.1008,
      0.1169,
      0.0404,
      0.0182,
      0.0257,
      0.0282,
      0.0488,
      0.012,
      0.0315,
      0.059,
      0.0228,
      0.3941,
      0.0118,
      0.0171,
      0.0169,
      0.0403,
      0.0188,
      0.2663,
      0.1171,
      0.0254,
      0.1054,
      0.1242,
      0.0589,
      0.0447,
      0.0769,
      0.0076,
      0.1197,
      0.0924
    ],
    [
      0.059,
      0.0871,
      0.1957,
      0.0949,
      0.1657,
      0.0734,
      1.0,
      0.0667,
      0.1376,
      0.1056,
      0.0517,
      0.0575,
      0.0389,
      0.1002,
      0.0677,
      0.0465,
      0.0724,
      0.0714,
      0.0332,
      0.0507,
      0.0524,
      0.0337,
      0.0763,
      0.0301,
      0.0736,
      0.0548,
      0.0127,
      0.0432,
      0.0196,
      0.0575,
      0.0151,
      0.0583,
      0.0254,
      0.1112,
      0.0656,
      0.0691,
      0.0788,
      0.1206,
      0.053,
      0.2213,
      0.1062,
      0.0126,
      0.1013,
      0.0892
    ],
    [
      0.0602,
      0.0494,
      0.0819,
      0.0576,
      0.0914,
      0.0688,
      0.0667,
      1.0,
      0.1192,
      0.1425,
      0.0403,
      0.0727,
      0.03,
      0.0763,
      0.05,
      0.0357,
      0.0706,
      0.0678,
      0.0452,
      0.0258,
      0.0313,
      0.2272,
      0.0695,
      0.017,
      0.0551,
      0.045,
      0.0317,
      0.0498,
      0.0169,
      0.0217,
      0.0143,
      0.0385,
      0.0211,
      0.0996,
      0.053,
      0.0214,
      0.0388,
      0.0767,
      0.0522,
      0.0613,
      0.042,
      0.0085,
      0.0526,
      0.0615
    ],
    [
      0.1861,
      0.1406,
      0.1626,
      0.2694,
      0.5188,
      0.1723,
      0.1376,
      0.1192,
      1.0,
      0.4383,
      0.2537,
      0.3249,
      0.2694,
      0.3906,
      0.1126,
      0.1138,
      0.4182,
      0.759,
      0.2192,
      0.046,
      0.0632,
      0.0719,
      0.2537,
      0.0473,
      0.0505,
      0.1809,
      0.0365,
      0.0789,
      0.0343,
      0.0483,
      0.0565,
      0.2381,
      0.0532,
      0.4921,
      0.3638,
      0.0532,
      0.3278,
      0.525,
      0.2246,
      0.1588,
      0.2921,
      0.0162,
      0.3738,
      0.2587
    ],
    [
      0.1162,
      0.0752,
      0.0875,
      0.1637,
      0.2159,
      0.1231,
      0.1056,
      0.1425,
      0.4383,
      1.0,
      0.1289,
      0.167,
      0.0844,
      0.2015,
      0.0675,
      0.0643,
      0.2156,
      0.2794,
      0.1209,
      0.0227,
      0.0393,
      0.041,
      0.1143,
      0.0162,
      0.0305,
      0.0913,
      0.0197,
      0.066,
      0.0164,
      0.0203,
      0.0241,
      0.1033,
      0.028,
      0.2718,
      0.1922,
      0.024,
      0.1486,
      0.278,
      0.0775,
      0.0862,
      0.1433,
      0.0085,
      0.1319,
      0.1231
    ],
    [
      0.0882,
      0.0575,
      0.0538,
      0.1109,
      0.1425,
      0.0651,
      0.0517,
      0.0403,
      0.2537,
      0.1289,
      1.0,
      0.2697,
      0.0766,
      0.4578,
      0.0454,
      0.0419,
      0.1199,
      0.1319,
      0.1607,
      0.0165,
      0.0332,
      0.0165,
      0.0624,
      0.0096,
      0.0159,
      0.0551,
      0.0125,
      0.028,
      0.0143,
      0.0131,
      0.0194,
      0.1489,
      0.0227,
      0.1671,
      0.1148,
      0.0152,
      0.0922,
      0.1393,
      0.0599,
      0.0422,
      0.1142,
      0.0052,
      0.0934,
      0.1035
    ],
    [
      0.152,
      0.087,
      0.0682,
      0.1266,
      0.1803,
      0.0905,
      0.0575,
      0.0727,
      0.3249,
      0.167,
      0.2697,
      1.0,
      0.1639,
      0.4442,
      0.075,
      0.0723,
      0.3068,
      0.1803,
      0.0659,
      0.045,
      0.0492,
      0.0449,
      0.1266,
      0.0224,
      0.0281,
      0.127,
      0.0158,
      0.0525,
      0.0155,
      0.0173,
      0.038,
      0.2074,
      0.0255,
      0.2414,
      0.156,
      0.0239,
      0.1109,
      0.181,
      0.0958,
      0.0743,
      0.1054,
      0.0078,
      0.1275,
      0.1371
    ],
    [
      0.0556,
      0.0437,
      0.0511,
      0.0689,
      0.1036,
      0.0333,
      0.0389,
      0.03,
      0.2694,
      0.0844,
      0.0766,
      0.1639,
      1.0,
      0.128,
      0.0353,
      0.0309,
      0.0733,
      0.0863,
      0.0469,
      0.0208,
      0.0325,
      0.019,
      0.0514,
      0.0271,
      0.0214,
      0.0534,
      0.0134,
      0.0176,
      0.0205,
      0.0147,
      0.0227,
      0.1246,
      0.0233,
      0.11,
      0.0758,
      0.0187,
      0.1202,
      0.2636,
      0.0932,
      0.0725,
      0.0947,
      0.0081,
      0.0806,
      0.0808
    ],
    [
      0.169,
      0.1152,
      0.1206,
      0.1725,
      0.2435,
      0.1066,
      0.1002,
      0.0763,
      0.3906,
      0.2015,
      0.4578,
      0.4442,
      0.128,
      1.0,
      0.0981,
      0.0907,
      0.252,
      0.2147,
      0.1217,
      0.0598,
      0.0983,
      0.0558,
      0.1616,
      0.0311,
      0.0633,
      0.1553,
      0.0328,
      0.0688,
      0.0468,
      0.0496,
      0.0654,
      0.6024,
      0.0579,
      0.2577,
      0.1969,
      0.0519,
      0.2001,
      0.2565,
      0.113,
      0.1331,
      0.1634,
      0.017,
      0.179,
      0.2291
    ],
    [
      0.0875,
      0.2253,
      0.0889,
      0.0581,
      0.0966,
      0.0446,
      0.0677,
      0.05,
      0.1126,
      0.0675,
      0.0454,
      0.075,
      0.0353,
      0.0981,
      1.0,
      0.3253,
      0.1437,
      0.0652,
      0.0249,
      0.0703,
      0.0497,
      0.0297,
      0.2599,
      0.0158,
      0.0247,
      0.0863,
      0.0376,
      0.0285,
      0.1096,
      0.0197,
      0.0424,
      0.0702,
      0.0228,
      0.0716,
      0.0473,
      0.0302,
      0.0978,
      0.0851,
      0.0969,
      0.0615,
      0.0794,
      0.0069,
      0.0446,
      0.0674
    ],
    [
      0.0521,
      0.0928,
      0.0544,
      0.044,
      0.0841,
      0.054,
      0.0465,
      0.0357,
      0.1138,
      0.0643,
      0.0419,
      0.0723,
      0.0309,
      0.0907,
      0.3253,
      1.0,
      0.122,
      0.0616,
      0.0367,
      0.0818,
      0.0284,
      0.0534,
      0.178,
      0.0209,
      0.0329,
      0.0605,
      0.0078,
      0.0312,
      0.0368,
      0.0123,
      0.0208,
      0.0563,
      0.0139,
      0.1079,
      0.07,
      0.0655,
      0.065,
      0.0791,
      0.0658,
      0.068,
      0.1482,
      0.0121,
      0.062,
      0.3393
    ],
    [
      0.1286,
      0.0895,
      0.1007,
      0.1805,
      0.2072,
      0.1008,
      0.0724,
      0.0706,
      0.4182,
      0.2156,
      0.1199,
      0.3068,
      0.0733,
      0.252,
      0.1437,
      0.122,
      1.0,
      0.3292,
      0.0665,
      0.0444,
      0.0473,
      0.039,
      0.3786,
      0.0301,
      0.0382,
      0.5087,
      0.025,
      0.0648,
      0.0521,
      0.0233,
      0.3168,
      0.1868,
      0.0418,
      0.2196,
      0.1577,
      0.0219,
      0.1243,
      0.1603,
      0.1113,
      0.1166,
      0.1421,
      0.0073,
      0.1327,
      0.1583
    ],
    [
      0.1122,
      0.0753,
      0.107,
      0.1896,
      0.3806,
      0.1169,
      0.0714,
      0.0678,
      0.759,
      0.2794,
      0.1319,
      0.1803,
      0.0863,
      0.2147,
      0.0652,
      0.0616,
      0.3292,
      1.0,
      0.131,
      0.019,
      0.0265,
      0.0321,
      0.2069,
      0.0152,
      0.0222,
      0.1029,
      0.0257,
      0.0478,
      0.0178,
      0.0308,
      0.0242,
      0.0975,
      0.0295,
      0.3197,
      0.2524,
      0.0249,
      0.1948,
      0.3604,
      0.1399,
      0.0928,
      0.1844,
      0.0101,
      0.2236,
      0.1295
    ],
    [
      0.0366,
      0.0242,
      0.0434,
      0.0711,
      0.1112,
      0.0404,
      0.0332,
      0.0452,
      0.2192,
      0.1209,
      0.1607,
      0.0659,
      0.0469,
      0.1217,
      0.0249,
      0.0367,
      0.0665,
      0.131,
      1.0,
      0.0099,
      0.0117,
      0.041,
      0.0404,
      0.0152,
      0.0144,
      0.0335,
      0.0134,
      0.0153,
      0.0069,
      0.0107,
      0.0093,
      0.0531,
      0.0136,
      0.1088,
      0.0952,
      0.0185,
      0.0832,
      0.1336,
      0.058,
      0.0366,
      0.1783,
      0.0131,
      0.0889,
      0.0685
    ],
    [
      0.2779,
      0.5569,
      0.0435,
      0.0185,
      0.0377,
      0.0182,
      0.0507,
      0.0258,
      0.046,
      0.0227,
      0.0165,
      0.045,
      0.0208,
      0.0598,
      0.0703,
      0.0818,
      0.0444,
      0.019,
      0.0099,
      1.0,
      0.2724,
      0.0996,
      0.0438,
      0.0148,
      0.0948,
      0.0471,
      0.0198,
      0.0512,
      0.015,
      0.1059,
      0.018,
      0.0322,
      0.0959,
      0.0675,
      0.0319,
      0.0187,
      0.0523,
      0.0417,
      0.0343,
      0.0227,
      0.0385,
      0.0312,
      0.0203,
      0.0455
    ],
    [
      0.6474,
      0.24,
      0.0545,
      0.0305,
      0.056,
      0.0257,
      0.0524,
      0.0313,
      0.0632,
      0.0393,
      0.0332,
      0.0492,
      0.0325,
      0.0983,
      0.0497,
      0.0284,
      0.0473,
      0.0265,
      0.0117,
      0.2724,
      1.0,
      0.1888,
      0.0596,
      0.0351,
      0.1458,
      0.0615,
      0.0227,
      0.0995,
      0.0179,
      0.3028,
      0.0446,
      0.0521,
      0.1161,
      0.0732,
      0.0434,
      0.0244,
      0.0575,
      0.0656,
      0.0232,
      0.0496,
      0.0375,
      0.0158,
      0.0197,
      0.0436
    ],
    [
      0.0764,
      0.0368,
      0.0712,
      0.0268,
      0.0468,
      0.0282,
      0.0337,
      0.2272,
      0.0719,
      0.041,
      0.0165,
      0.0449,
      0.019,
      0.0558,
      0.0297,
      0.0534,
      0.039,
      0.0321,
      0.041,
      0.0996,
      0.1888,
      1.0,
      0.0575,
      0.0301,
      0.3936,
      0.0391,
      0.0064,
      0.0758,
      0.0014,
      0.0747,
      0.0207,
      0.0274,
      0.0429,
      0.0445,
      0.0273,
      0.0401,
      0.0164,
      0.0387,
      0.033,
      0.056,
      0.0455,
      0.0277,
      0.0273,
      0.0535
    ],
    [
      0.0699,
      0.0664,
      0.1017,
      0.0956,
      0.1338,
      0.0488,
      0.0763,
      0.0695,
      0.2537,
      0.1143,
      0.0624,
      0.1266,
      0.0514,
      0.1616,
      0.2599,
      0.178,
      0.3786,
      0.2069,
      0.0404,
      0.0438,
      0.0596,
      0.0575,
      1.0,
      0.0314,
      0.0499,
      0.1703,
      0.0338,
      0.0359,
      0.0806,
      0.0331,
      0.0683,
      0.1446,
      0.0732,
      0.1237,
      0.0879,
      0.0461,
      0.0828,
      0.1275,
      0.0662,
      0.1342,
      0.0815,
      0.0139,
      0.0924,
      0.1097
    ],
    [
      0.0228,
      0.0112,
      0.0243,
      0.0161,
      0.0289,
      0.012,
      0.0301,
      0.017,
      0.0473,
      0.0162,
      0.0096,
      0.0224,
      0.0271,
      0.0311,
      0.0158,
      0.0209,
      0.0301,
      0.0152,
      0.0152,
      0.0148,
      0.0351,
      0.0301,
      0.0314,
      1.0,
      0.0273,
      0.0289,
      0.0143,
      0.0136,
      0.0065,
      0.0145,
      0.0222,
      0.0183,
      0.0154,
      0.0389,
      0.0412,
      0.0164,
      0.0177,
      0.0352,
      0.4672,
      0.0232,
      0.033,
      0.0055,
      0.0169,
      0.0286
    ],
    [
      0.0612,
      0.0445,
      0.276,
      0.0233,
      0.0392,
      0.0315,
      0.0736,
      0.0551,
      0.0505,
      0.0305,
      0.0159,
      0.0281,
      0.0214,
      0.0633,
      0.0247,
      0.0329,
      0.0382,
      0.0222,
      0.0144,
      0.0948,
      0.1458,
      0.3936,
      0.0499,
      0.0273,
      1.0,
      0.057,
      0.0098,
      0.0472,
      0.0083,
      0.0983,
      0.0431,
      0.0249,
      0.0672,
      0.0453,
      0.0271,
      0.0306,
      0.0228,
      0.0552,
      0.0223,
      0.0422,
      0.0319,
      0.0388,
      0.021,
      0.0371
    ],
    [
      0.0767,
      0.074,
      0.0865,
      0.0996,
      0.1065,
      0.059,
      0.0548,
      0.045,
      0.1809,
      0.0913,
      0.0551,
      0.127,
      0.0534,
      0.1553,
      0.0863,
      0.0605,
      0.5087,
      0.1029,
      0.0335,
      0.0471,
      0.0615,
      0.0391,
      0.1703,
      0.0289,
      0.057,
      1.0,
      0.0119,
      0.0468,
      0.0837,
      0.0296,
      0.8173,
      0.1563,
      0.0612,
      0.1242,
      0.0812,
      0.0194,
      0.0775,
      0.108,
      0.0716,
      0.153,
      0.0754,
      0.012,
      0.0851,
      0.1015
    ],
    [
      0.0287,
      0.0256,
      0.0337,
      0.076,
      0.0908,
      0.0228,
      0.0127,
      0.0317,
      0.0365,
      0.0197,
      0.0125,
      0.0158,
      0.0134,
      0.0328,
      0.0376,
      0.0078,
      0.025,
      0.0257,
      0.0134,
      0.0198,
      0.0227,
      0.0064,
      0.0338,
      0.0143,
      0.0098,
      0.0119,
      1.0,
      0.0091,
      0.0033,
      0.0331,
      0.0064,
      0.025,
      0.0293,
      0.0267,
      0.0093,
      0.0075,
      0.0198,
      0.0666,
      0.0096,
      0.0235,
      0.018,
      0.0007,
      0.0201,
      0.0185
    ],
    [
      0.0659,
      0.0487,
      0.0569,
      0.0573,
      0.1216,
      0.3941,
      0.0432,
      0.0498,
      0.0789,
      0.066,
      0.028,
      0.0525,
      0.0176,
      0.0688,
      0.0285,
      0.0312,
      0.0648,
      0.0478,
      0.0153,
      0.0512,
      0.0995,
      0.0758,
      0.0359,
      0.0136,
      0.0472,
      0.0468,
      0.0091,
      1.0,
      0.0178,
      0.0522,
      0.0088,
      0.0257,
      0.0385,
      0.1296,
      0.0559,
      0.0116,
      0.0761,
      0.0809,
      0.0558,
      0.0317,
      0.0318,
      0.0087,
      0.0624,
      0.0583
    ],
    [
      0.0136,
      0.0511,
      0.0263,
      0.0303,
      0.0241,
      0.0118,
      0.0196,
      0.0169,
      0.0343,
      0.0164,
      0.0143,
      0.0155,
      0.0205,
      0.0468,
      0.1096,
      0.0368,
      0.0521,
      0.0178,
      0.0069,
      0.015,
      0.0179,
      0.0014,
      0.0806,
      0.0065,
      0.0083,
      0.0837,
      0.0033,
      0.0178,
      1.0,
      0.0072,
      0.084,
      0.0619,
      0.0113,
      0.026,
      0.0126,
      0.0149,
      0.0147,
      0.0302,
      0.0224,
      0.1034,
      0.0204,
      0.0003,
      0.0122,
      0.0665
    ],
    [
      0.1056,
      0.0357,
      0.0387,
      0.0202,
      0.0437,
      0.0171,
      0.0575,
      0.0217,
      0.0483,
      0.0203,
      0.0131,
      0.0173,
      0.0147,
      0.0496,
      0.0197,
      0.0123,
      0.0233,
      0.0308,
      0.0107,
      0.1059,
      0.3028,
      0.0747,
      0.0331,
      0.0145,
      0.0983,
      0.0296,
      0.0331,
      0.0522,
      0.0072,
      1.0,
      0.0188,
      0.0227,
      0.0796,
      0.0256,
      0.0224,
      0.0142,
      0.0261,
      0.0459,
      0.0119,
      0.0721,
      0.0261,
      0.0083,
      0.015,
      0.0202
    ],
    [
      0.024,
      0.0227,
      0.0327,
      0.0218,
      0.0288,
      0.0169,
      0.0151,
      0.0143,
      0.0565,
      0.0241,
      0.0194,
      0.038,
      0.0227,
      0.0654,
      0.0424,
      0.0208,
      0.3168,
      0.0242,
      0.0093,
      0.018,
      0.0446,
      0.0207,
      0.0683,
      0.0222,
      0.0431,
      0.8173,
      0.0064,
      0.0088,
      0.084,
      0.0188,
      1.0,
      0.0727,
      0.0383,
      0.0625,
      0.0267,
      0.0082,
      0.0184,
      0.0355,
      0.0278,
      0.0941,
      0.0232,
      0.0032,
      0.0308,
      0.0588
    ],
    [
      0.0701,
      0.0586,
      0.1009,
      0.1032,
      0.141,
      0.0403,
      0.0583,
      0.0385,
      0.2381,
      0.1033,
      0.1489,
      0.2074,
      0.1246,
      0.6024,
      0.0702,
      0.0563,
      0.1868,
      0.0975,
      0.0531,
      0.0322,
      0.0521,
      0.0274,
      0.1446,
      0.0183,
      0.0249,
      0.1563,
      0.025,
      0.0257,
      0.0619,
      0.0227,
      0.0727,
      1.0,
      0.0356,
      0.1078,
      0.1095,
      0.0253,
      0.1214,
      0.1649,
      0.0716,
      0.1658,
      0.1079,
      0.0112,
      0.0942,
      0.1389
    ],
    [
      0.0556,
      0.0391,
      0.0348,
      0.0314,
      0.0553,
      0.0188,
      0.0254,
      0.0211,
      0.0532,
      0.028,
      0.0227,
      0.0255,
      0.0233,
      0.0579,
      0.0228,
      0.0139,
      0.0418,
      0.0295,
      0.0136,
      0.0959,
      0.1161,
      0.0429,
      0.0732,
      0.0154,
      0.0672,
      0.0612,
      0.0293,
      0.0385,
      0.0113,
      0.0796,
      0.0383,
      0.0356,
      1.0,
      0.0342,
      0.0299,
      0.0127,
      0.0307,
      0.0598,
      0.0182,
      0.0227,
      0.0253,
      0.0049,
      0.0253,
      0.0292
    ],
    [
      0.235,
      0.1676,
      0.1072,
      0.195,
      0.3731,
      0.2663,
      0.1112,
      0.0996,
      0.4921,
      0.2718,
      0.1671,
      0.2414,
      0.11,
      0.2577,
      0.0716,
      0.1079,
      0.2196,
      0.3197,
      0.1088,
      0.0675,
      0.0732,
      0.0445,
      0.1237,
      0.0389,
      0.0453,
      0.1242,
      0.0267,
      0.1296,
      0.026,
      0.0256,
      0.0625,
      0.1078,
      0.0342,
      1.0,
      0.3333,
      0.0579,
      0.2167,
      0.348,
      0.1547,
      0.1118,
      0.2046,
      0.0164,
      0.3989,
      0.2509
    ],
    [
      0.1234,
      0.0955,
      0.0711,
      0.117,
      0.2645,
      0.1171,
      0.0656,
      0.053,
      0.3638,
      0.1922,
      0.1148,
      0.156,
      0.0758,
      0.1969,
      0.0473,
      0.07,
      0.1577,
      0.2524,
      0.0952,
      0.0319,
      0.0434,
      0.0273,
      0.0879,
      0.0412,
      0.0271,
      0.0812,
      0.0093,
      0.0559,
      0.0126,
      0.0224,
      0.0267,
      0.1095,
      0.0299,
      0.3333,
      1.0,
      0.0505,
      0.1629,
      0.2433,
      0.1274,
      0.0957,
      0.1444,
      0.0338,
      0.1886,
      0.1865
    ],
    [
      0.0236,
      0.1013,
      0.0488,
      0.0209,
      0.0403,
      0.0254,
      0.0691,
      0.0214,
      0.0532,
      0.024,
      0.0152,
      0.0239,
      0.0187,
      0.0519,
      0.0302,
      0.0655,
      0.0219,
      0.0249,
      0.0185,
      0.0187,
      0.0244,
      0.0401,
      0.0461,
      0.0164,
      0.0306,
      0.0194,
      0.0075,
      0.0116,
      0.0149,
      0.0142,
      0.0082,
      0.0253,
      0.0127,
      0.0579,
      0.0505,
      1.0,
      0.0176,
      0.0728,
      0.0274,
      0.0259,
      0.0474,
      0.0055,
      0.0291,
      0.0431
    ],
    [
      0.1171,
      0.1016,
      0.0746,
      0.1174,
      0.4361,
      0.1054,
      0.0788,
      0.0388,
      0.3278,
      0.1486,
      0.0922,
      0.1109,
      0.1202,
      0.2001,
      0.0978,
      0.065,
      0.1243,
      0.1948,
      0.0832,
      0.0523,
      0.0575,
      0.0164,
      0.0828,
      0.0177,
      0.0228,
      0.0775,
      0.0198,
      0.0761,
      0.0147,
      0.0261,
      0.0184,
      0.1214,
      0.0307,
      0.2167,
      0.1629,
      0.0176,
      1.0,
      0.3406,
      0.1501,
      0.0666,
      0.1354,
      0.0124,
      0.3417,
      0.1095
    ],
    [
      0.1187,
      0.1,
      0.1221,
      0.2033,
      0.4473,
      0.1242,
      0.1206,
      0.0767,
      0.525,
      0.278,
      0.1393,
      0.181,
      0.2636,
      0.2565,
      0.0851,
      0.0791,
      0.1603,
      0.3604,
      0.1336,
      0.0417,
      0.0656,
      0.0387,
      0.1275,
      0.0352,
      0.0552,
      0.108,
      0.0666,
      0.0809,
      0.0302,
      0.0459,
      0.0355,
      0.1649,
      0.0598,
      0.348,
      0.2433,
      0.0728,
      0.3406,
      1.0,
      0.1898,
      0.1325,
      0.2446,
      0.016,
      0.3297,
      0.1635
    ],
    [
      0.0556,
      0.0603,
      0.0643,
      0.0723,
      0.1521,
      0.0589,
      0.053,
      0.0522,
      0.2246,
      0.0775,
      0.0599,
      0.0958,
      0.0932,
      0.113,
      0.0969,
      0.0658,
      0.1113,
      0.1399,
      0.058,
      0.0343,
      0.0232,
      0.033,
      0.0662,
      0.4672,
      0.0223,
      0.0716,
      0.0096,
      0.0558,
      0.0224,
      0.0119,
      0.0278,
      0.0716,
      0.0182,
      0.1547,
      0.1274,
      0.0274,
      0.1501,
      0.1898,
      1.0,
      0.0623,
      0.1179,
      0.0074,
      0.1364,
      0.0931
    ],
    [
      0.0545,
      0.0597,
      0.0985,
      0.0713,
      0.0962,
      0.0447,
      0.2213,
      0.0613,
      0.1588,
      0.0862,
      0.0422,
      0.0743,
      0.0725,
      0.1331,
      0.0615,
      0.068,
      0.1166,
      0.0928,
      0.0366,
      0.0227,
      0.0496,
      0.056,
      0.1342,
      0.0232,
      0.0422,
      0.153,
      0.0235,
      0.0317,
      0.1034,
      0.0721,
      0.0941,
      0.1658,
      0.0227,
      0.1118,
      0.0957,
      0.0259,
      0.0666,
      0.1325,
      0.0623,
      1.0,
      0.1497,
      0.0248,
      0.0702,
      0.143
    ],
    [
      0.0829,
      0.0835,
      0.091,
      0.1248,
      0.2026,
      0.0769,
      0.1062,
      0.042,
      0.2921,
      0.1433,
      0.1142,
      0.1054,
      0.0947,
      0.1634,
      0.0794,
      0.1482,
      0.1421,
      0.1844,
      0.1783,
      0.0385,
      0.0375,
      0.0455,
      0.0815,
      0.033,
      0.0319,
      0.0754,
      0.018,
      0.0318,
      0.0204,
      0.0261,
      0.0232,
      0.1079,
      0.0253,
      0.2046,
      0.1444,
      0.0474,
      0.1354,
      0.2446,
      0.1179,
      0.1497,
      1.0,
      0.0048,
      0.0984,
      0.1633
    ],
    [
      0.01,
      0.0138,
      0.0104,
      0.0063,
      0.0189,
      0.0076,
      0.0126,
      0.0085,
      0.0162,
      0.0085,
      0.0052,
      0.0078,
      0.0081,
      0.017,
      0.0069,
      0.0121,
      0.0073,
      0.0101,
      0.0131,
      0.0312,
      0.0158,
      0.0277,
      0.0139,
      0.0055,
      0.0388,
      0.012,
      0.0007,
      0.0087,
      0.0003,
      0.0083,
      0.0032,
      0.0112,
      0.0049,
      0.0164,
      0.0338,
      0.0055,
      0.0124,
      0.016,
      0.0074,
      0.0248,
      0.0048,
      1.0,
      0.0186,
      0.0097
    ],
    [
      0.0869,
      0.0636,
      0.0949,
      0.1313,
      0.4318,
      0.1197,
      0.1013,
      0.0526,
      0.3738,
      0.1319,
      0.0934,
      0.1275,
      0.0806,
      0.179,
      0.0446,
      0.062,
      0.1327,
      0.2236,
      0.0889,
      0.0203,
      0.0197,
      0.0273,
      0.0924,
      0.0169,
      0.021,
      0.0851,
      0.0201,
      0.0624,
      0.0122,
      0.015,
      0.0308,
      0.0942,
      0.0253,
      0.3989,
      0.1886,
      0.0291,
      0.3417,
      0.3297,
      0.1364,
      0.0702,
      0.0984,
      0.0186,
      1.0,
      0.1363
    ],
    [
      0.0945,
      0.0789,
      0.0913,
      0.1143,
      0.1718,
      0.0924,
      0.0892,
      0.0615,
      0.2587,
      0.1231,
      0.1035,
      0.1371,
      0.0808,
      0.2291,
      0.0674,
      0.3393,
      0.1583,
      0.1295,
      0.0685,
      0.0455,
      0.0436,
      0.0535,
      0.1097,
      0.0286,
      0.0371,
      0.1015,
      0.0185,
      0.0583,
      0.0665,
      0.0202,
      0.0588,
      0.1389,
      0.0292,
      0.2509,
      0.1865,
      0.0431,
      0.1095,
      0.1635,
      0.0931,
      0.143,
      0.1633,
      0.0097,
      0.1363,
      1.0
    ]
  ],
  "pares_mais_proximos": [
    {
      "categoria_a": "Manutenção Preventiva > Hidráulica",
      "categoria_b": "Manutenção Preventiva > Reservatório",
      "similaridade": 0.8173
    },
    {
      "categoria_a": "Estrutura Predial > Alvenaria / Pisos / Estrutura",
      "categoria_b": "Instalação de Acessórios e Mobiliário > Instalação/Reparo de Equipamentos, Acessórios e Mobiliários",
      "similaridade": 0.759
    },
    {
      "categoria_a": "Climatização > Ar condicionado",
      "categoria_b": "Manutenção Preventiva > Ar condicionado split",
      "similaridade": 0.6474
    },
    {
      "categoria_a": "Estrutura Predial > Telhados, calhas, rufos, etc.",
      "categoria_b": "Manutenção Preventiva > Telhados, calhas, rufos, etc.",
      "similaridade": 0.6024
    },
    {
      "categoria_a": "Climatização > Ar condicionado central",
      "categoria_b": "Manutenção Preventiva > Ar condicionado central",
      "similaridade": 0.5569
    },
    {
      "categoria_a": "Estrutura Predial > Alvenaria / Pisos / Estrutura",
      "categoria_b": "Projetos e Reformas > Reforma",
      "similaridade": 0.525
    },
    {
      "categoria_a": "Elétrica > Instalações elétricas",
      "categoria_b": "Estrutura Predial > Alvenaria / Pisos / Estrutura",
      "similaridade": 0.5188
    },
    {
      "categoria_a": "Hidrossanitária > Hidráulica",
      "categoria_b": "Manutenção Preventiva > Hidráulica",
      "similaridade": 0.5087
    },
    {
      "categoria_a": "Estrutura Predial > Alvenaria / Pisos / Estrutura",
      "categoria_b": "Outros > Erro de chamado",
      "similaridade": 0.4921
    },
    {
      "categoria_a": "Manutenção Preventiva > Extintor",
      "categoria_b": "Segurança contra Incêndio > Sistemas de combate a incêndio (extintores, hidrantes)",
      "similaridade": 0.4672
    },
    {
      "categoria_a": "Estrutura Predial > Forro",
      "categoria_b": "Estrutura Predial > Telhados, calhas, rufos, etc.",
      "similaridade": 0.4578
    },
    {
      "categoria_a": "Elétrica > Instalações elétricas",
      "categoria_b": "Projetos e Reformas > Reforma",
      "similaridade": 0.4473
    },
    {
      "categoria_a": "Estrutura Predial > Infiltração",
      "categoria_b": "Estrutura Predial > Telhados, calhas, rufos, etc.",
      "similaridade": 0.4442
    },
    {
      "categoria_a": "Estrutura Predial > Alvenaria / Pisos / Estrutura",
      "categoria_b": "Estrutura Predial > Esquadrias, porta, portão e janelas",
      "similaridade": 0.4383
    },
    {
      "categoria_a": "Elétrica > Instalações elétricas",
      "categoria_b": "Projetos e Reformas > Projeto",
      "similaridade": 0.4361
    },
    {
      "categoria_a": "Elétrica > Instalações elétricas",
      "categoria_b": "TI / Dados / Rede > Ponto de rede / fibra ótica / Wi-fi",
      "similaridade": 0.4318
    },
    {
      "categoria_a": "Climatização > Ar condicionado",
      "categoria_b": "Climatização > Ar condicionado central",
      "similaridade": 0.4303
    },
    {
      "categoria_a": "Estrutura Predial > Alvenaria / Pisos / Estrutura",
      "categoria_b": "Hidrossanitária > Hidráulica",
      "similaridade": 0.4182
    },
    {
      "categoria_a": "Outros > Erro de chamado",
      "categoria_b": "TI / Dados / Rede > Ponto de rede / fibra ótica / Wi-fi",
      "similaridade": 0.3989
    },
    {
      "categoria_a": "Elétrica > Nobreak",
      "categoria_b": "Manutenção Preventiva > Nobreak",
      "similaridade": 0.3941
    },
    {
      "categoria_a": "Manutenção Preventiva > Elevador",
      "categoria_b": "Manutenção Preventiva > Gerador",
      "similaridade": 0.3936
    },
    {
      "categoria_a": "Estrutura Predial > Alvenaria / Pisos / Estrutura",
      "categoria_b": "Estrutura Predial > Telhados, calhas, rufos, etc.",
      "similaridade": 0.3906
    },
    {
      "categoria_a": "Elétrica > Instalações elétricas",
      "categoria_b": "Instalação de Acessórios e Mobiliário > Instalação/Reparo de Equipamentos, Acessórios e Mobiliários",
      "similaridade": 0.3806
    },
    {
      "categoria_a": "Hidrossanitária > Hidráulica",
      "categoria_b": "Manutenção Preventiva > Esgoto",
      "similaridade": 0.3786
    },
    {
      "categoria_a": "Estrutura Predial > Alvenaria / Pisos / Estrutura",
      "categoria_b": "TI / Dados / Rede > Ponto de rede / fibra ótica / Wi-fi",
      "similaridade": 0.3738
    },
    {
      "categoria_a": "Elétrica > Instalações elétricas",
      "categoria_b": "Outros > Erro de chamado",
      "similaridade": 0.3731
    },
    {
      "categoria_a": "Estrutura Predial > Alvenaria / Pisos / Estrutura",
      "categoria_b": "Outros > Outros",
      "similaridade": 0.3638
    },
    {
      "categoria_a": "Instalação de Acessórios e Mobiliário > Instalação/Reparo de Equipamentos, Acessórios e Mobiliários",
      "categoria_b": "Projetos e Reformas > Reforma",
      "similaridade": 0.3604
    },
    {
      "categoria_a": "Outros > Erro de chamado",
      "categoria_b": "Projetos e Reformas > Reforma",
      "similaridade": 0.348
    },
    {
      "categoria_a": "Projetos e Reformas > Projeto",
      "categoria_b": "TI / Dados / Rede > Ponto de rede / fibra ótica / Wi-fi",
      "similaridade": 0.3417
    },
    {
      "categoria_a": "Projetos e Reformas > Projeto",
      "categoria_b": "Projetos e Reformas > Reforma",
      "similaridade": 0.3406
    },
    {
      "categoria_a": "Hidrossanitária > ETA / ETE",
      "categoria_b": "Área Externa e Ambiental > Manutenção área externa / meio ambiente",
      "similaridade": 0.3393
    },
    {
      "categoria_a": "Outros > Erro de chamado",
      "categoria_b": "Outros > Outros",
      "similaridade": 0.3333
    },
    {
      "categoria_a": "Projetos e Reformas > Reforma",
      "categoria_b": "TI / Dados / Rede > Ponto de rede / fibra ótica / Wi-fi",
      "similaridade": 0.3297
    },
    {
      "categoria_a": "Hidrossanitária > Hidráulica",
      "categoria_b": "Instalação de Acessórios e Mobiliário > Instalação/Reparo de Equipamentos, Acessórios e Mobiliários",
      "similaridade": 0.3292
    },
    {
      "categoria_a": "Estrutura Predial > Alvenaria / Pisos / Estrutura",
      "categoria_b": "Projetos e Reformas > Projeto",
      "similaridade": 0.3278
    },
    {
      "categoria_a": "Hidrossanitária > Bomba",
      "categoria_b": "Hidrossanitária > ETA / ETE",
      "similaridade": 0.3253
    },
    {
      "categoria_a": "Estrutura Predial > Alvenaria / Pisos / Estrutura",
      "categoria_b": "Estrutura Predial > Infiltração",
      "similaridade": 0.3249
    },
    {
      "categoria_a": "Instalação de Acessórios e Mobiliário > Instalação/Reparo de Equipamentos, Acessórios e Mobiliários",
      "categoria_b": "Outros > Erro de chamado",
      "similaridade": 0.3197
    },
    {
      "categoria_a": "Hidrossanitária > Hidráulica",
      "categoria_b": "Manutenção Preventiva > Reservatório",
      "similaridade": 0.3168
    },
    {
      "categoria_a": "Estrutura Predial > Infiltração",
      "categoria_b": "Hidrossanitária > Hidráulica",
      "similaridade": 0.3068
    },
    {
      "categoria_a": "Manutenção Preventiva > Ar condicionado split",
      "categoria_b": "Manutenção Preventiva > Quadros Elétricos",
      "similaridade": 0.3028
    },
    {
      "categoria_a": "Estrutura Predial > Alvenaria / Pisos / Estrutura",
      "categoria_b": "Suprimentos / Apoio Técnico > Materiais",
      "similaridade": 0.2921
    },
    {
      "categoria_a": "Estrutura Predial > Esquadrias, porta, portão e janelas",
      "categoria_b": "Instalação de Acessórios e Mobiliário > Instalação/Reparo de Equipamentos, Acessórios e Mobiliários",
      "similaridade": 0.2794
    },
    {
      "categoria_a": "Elétrica > Iluminação",
      "categoria_b": "Elétrica > Instalações elétricas",
      "similaridade": 0.279
    },
    {
      "categoria_a": "Estrutura Predial > Esquadrias, porta, portão e janelas",
      "categoria_b": "Projetos e Reformas > Reforma",
      "similaridade": 0.278
    },
    {
      "categoria_a": "Climatização > Ar condicionado",
      "categoria_b": "Manutenção Preventiva > Ar condicionado central",
      "similaridade": 0.2779
    },
    {
      "categoria_a": "Elétrica > Gerador",
      "categoria_b": "Manutenção Preventiva > Gerador",
      "similaridade": 0.276
    },
    {
      "categoria_a": "Manutenção Preventiva > Ar condicionado central",
      "categoria_b": "Manutenção Preventiva > Ar condicionado split",
      "similaridade": 0.2724
    },
    {
      "categoria_a": "Estrutura Predial > Esquadrias, porta, portão e janelas",
      "categoria_b": "Outros > Erro de chamado",
      "similaridade": 0.2718
    }
  ]
}